163796 1 182
163795 10 34
163795 36 36
163795 38 43
172798 1 31
167898 108 619
167898 621 995
167898 1001 1010
167898 1013 1053
167898 1057 1295
167898 1298 1762
163659 1 374
163659 376 650
163659 652 705
163658 1 3
163657 1 140
163655 15 23
172791 65 413
172791 418 569
172791 571 715
172791 721 1295
172791 1300 1536
172791 1542 1645
172791 1649 1658
167039 20 92
167039 98 228
177791 1 27
177791 30 109
177791 137 198
177790 1 189
177790 191 715
166554 46 218
166554 224 287
166554 290 317
166554 320 595
166554 597 730
166554 732 734
166554 736 736
173380 75 204
173380 209 209
173380 217 217
163252 60 137
176982 1 10
172411 85 349
163255 1 359
163255 412 844
163255 846 846
163255 848 977
176889 1 81
176889 83 102
170876 1 110
170876 115 295
170876 301 516
170876 518 518
160955 1 130
160955 133 138
160955 140 151
160955 153 154
160955 156 172
160955 175 201
160955 204 206
160957 1 953
160956 2 65
165472 1 184
165472 186 882
176801 1 92
176801 95 173
176801 176 177
176801 179 249
162828 1 85
176805 1 97
176807 1 74
176807 76 255
176807 257 461
162822 73 307
162826 1 24
162825 1 184
176929 1 59
176929 62 198
176929 201 218
176929 221 320
171876 1 362
171876 368 391
171876 397 533
178367 22 135
178367 138 161
178367 163 264
178367 266 316
178367 318 366
178367 369 392
178367 395 548
178367 560 711
178367 713 737
173658 1 110
173659 1 61
173659 66 317
166150 1 99
166150 101 116
173657 59 93
176885 67 152
176885 164 235
177317 1 60
176933 1 71
176933 73 358
176933 361 415
176933 418 438
177319 1 54
177319 56 224
177319 227 286
177319 289 351
177319 354 368
177318 1 81
177095 49 111
177095 113 204
177096 1 14
177096 17 190
166486 54 75
166486 80 95
166486 97 174
175910 1 12
178099 1 192
178098 16 120
178098 122 142
178098 144 152
178098 155 179
178098 181 249
178098 251 549
178098 551 576
178098 579 619
178098 622 677
178098 679 707
172778 48 97
165506 54 170
173381 1 134
173381 139 221
173381 226 226
173381 231 294
172014 1 64
172014 66 143
172014 149 243
167043 1 125
167043 130 235
167041 1 336
167041 339 391
167041 396 462
167041 467 663
161156 1 14
170826 50 122
170826 139 243
170826 248 308
167284 1 315
167284 320 346
167284 356 395
167284 399 474
167284 476 1157
167284 1160 1628
167284 1633 1644
167281 18 140
167281 146 315
167281 317 593
167282 1 441
173389 18 106
173389 111 169
173389 174 224
173389 230 262
173389 276 653
163297 1 219
163296 59 230
163296 232 585
172268 56 169
176702 1 4
176702 6 42
176702 45 103
176702 105 284
176702 287 291
176702 294 351
176702 353 599
176702 622 684
176702 686 723
176702 726 794
176702 796 799
176702 801 839
176701 1 145
177138 55 57
177138 59 114
176468 1 124
176468 126 210
176469 1 5
163046 1 133
163046 135 238
176467 1 85
176467 88 164
163664 1 119
163664 121 178
163662 1 154
163663 1 106
163663 109 246
163660 1 74
163661 1 17
171091 1 135
163668 1 53
163668 57 136
163668 140 213
166563 1 276
166563 492 748
166565 1 147
166565 153 312
166565 316 467
166565 469 898
173692 50 143
173692 149 468
173692 474 1123
173692 1129 1162
173692 1168 1321
173692 1326 1361
173692 1366 1383
173692 1389 1431
173692 1436 1818
173692 1824 2361
173692 2366 2710
173692 2715 2754
170842 1 27
170842 32 96
170842 102 331
172949 55 127
172949 133 159
172949 161 263
172949 269 274
172949 276 892
172949 898 928
172949 933 1287
163817 50 140
163817 154 205
163817 216 295
163817 305 346
163817 358 457
163817 561 603
163817 618 966
165486 37 102
165487 1 151
163340 1 488
165099 1 105
165098 124 187
165098 190 193
165098 195 248
165098 250 254
165098 256 331
165098 333 367
165098 369 415
176202 1 179
176202 182 264
176201 52 52
176201 54 55
176201 58 58
176201 61 63
176201 67 263
176201 265 570
176201 573 656
176206 1 101
176207 1 230
163596 1 29
162811 1 340
177139 1 206
177139 208 249
177139 252 335
177139 337 375
177139 378 627
172847 62 131
177131 49 139
172630 36 64
172630 68 134
172630 139 160
172635 1 18
172635 24 268
171098 1 8
172286 52 177
172286 184 216
165548 1 363
165548 365 381
165548 384 589
176841 105 157
176841 159 182
176841 184 235
176841 238 241
175863 1 75
166164 1 32
166164 34 40
175860 1 82
176848 1 25
175866 1 353
175866 356 511
175865 1 58
166161 38 120
166161 122 123
166161 126 126
171484 61 202
171484 207 370
171484 377 432
166380 1 367
166380 373 711
166380 715 1400
166380 1406 1809
173236 128 231
175887 1 18
175887 21 138
175886 1 280
175881 1 160
175921 64 428
175888 1 424
172033 1 65
172033 71 277
172033 282 375
172033 380 473
172033 478 749
166841 1 845
166841 851 876
166841 882 977
166841 984 984
166841 988 992
166841 998 1015
178102 1 13
178101 1 61
178101 64 75
166895 1 66
166895 72 597
166895 599 603
173660 1 81
173660 86 164
173660 169 357
173660 359 362
166701 1 13
166701 16 319
166701 324 506
166701 513 551
166701 557 672
166701 681 705
166701 712 724
166701 731 757
166701 764 777
166701 783 792
163387 1 256
177449 56 80
177449 83 234
177449 236 392
177449 394 434
166946 41 72
166946 75 201
176844 1 110
161107 2 29
161106 2 26
161103 2 100
163763 1 79
163761 1 203
163760 1 162
163760 165 340
163765 1 321
166011 1 81
166011 83 83
177730 49 88
177730 91 234
177730 237 448
177730 451 701
177730 704 773
177730 776 931
177730 933 1470
177730 1473 1763
177730 1766 1956
177730 1959 2266
177730 2268 2303
178365 43 96
178365 98 238
178365 241 380
178365 382 558
178365 560 660
178365 663 1050
178365 1053 1059
166408 67 283
166408 291 947
166408 953 1236
166163 1 12
166163 14 33
166514 1 455
166514 460 464
163301 1 192
163300 1 616
163302 1 190
166512 42 430
166512 432 487
166512 491 605
166512 611 1279
166512 1281 1818
166512 1821 1862
166512 1868 1868
166512 1870 1871
166512 1873 1874
178380 1 81
178380 84 195
177074 52 120
177074 123 468
177074 470 554
177074 556 735
177074 737 769
176959 17 39
167830 1 437
167830 442 587
167830 590 828
167830 834 1242
165993 71 873
165993 879 1660
165993 1665 1697
163869 79 123
161217 37 753
166530 43 63
177088 57 83
177088 85 95
163235 1 461
163234 1 66
163237 1 213
163233 1 283
163232 110 149
165617 26 52
165617 54 143
165617 145 288
176928 1 99
176928 102 121
163238 9 15
176886 1 335
176886 337 416
176886 418 425
176886 427 429
176886 431 499
176886 502 503
176886 505 505
176886 507 507
176886 509 514
176886 516 678
177776 73 108
166839 43 173
166839 178 297
166839 299 302
178420 53 61
178420 63 70
178421 1 3
178421 47 77
178421 79 135
178421 137 149
178421 151 265
178421 268 293
178421 295 320
178421 323 512
178421 514 586
178421 588 742
178421 744 756
178421 759 915
178421 917 1207
178424 1 536
178424 538 594
178424 597 837
172163 36 109
172163 115 469
167754 62 103
171897 1 23
171897 205 437
171897 442 511
171897 517 542
171895 34 34
172801 1 679
172801 681 750
172801 753 766
172801 768 815
172801 819 837
172801 839 861
172801 863 909
172801 911 1139
172802 1 629
172802 634 784
176799 1 27
176799 30 35
176799 38 238
175990 56 164
161176 1 31
171578 47 150
171578 156 174
171578 179 314
171578 320 347
171578 353 480
171578 487 572
171578 578 816
171578 821 974
175975 1 90
175975 93 101
175975 104 390
175974 1 124
175976 1 33
175976 36 51
175976 54 102
175973 126 183
175973 186 268
165121 1 466
165120 82 97
176795 38 105
171178 1 92
171178 97 205
171178 210 551
171178 556 557
171178 563 787
171178 792 1043
172478 1 110
173198 49 322
173198 324 356
173198 362 485
173198 488 768
173198 770 823
161008 2 77
176289 1 43
176289 46 75
176771 57 60
176771 62 156
163757 1 40
163758 1 17
163758 19 220
163758 222 224
163758 236 276
163758 283 374
163758 376 466
163758 468 591
163759 1 60
163759 62 72
163759 74 456
163759 458 461
163759 463 482
163759 504 510
165402 1 28
160431 19 218
177452 1 156
177452 158 169
176697 50 66
176697 68 344
163587 1 52
163586 1 75
163585 1 32
163584 1 56
163583 1 63
163583 65 92
163583 96 155
163583 157 173
163583 175 219
163582 1 22
172208 61 199
161310 39 116
161311 1 554
161311 559 649
161312 1 826
161312 835 1027
163589 1 49
163589 51 160
163588 1 8
163588 10 446
163370 1 147
163371 1 107
163371 148 356
163372 1 52
166842 1 170
163374 1 599
163374 603 863
166149 1 2
163376 1 20
163376 22 246
163378 1 81
163378 89 179
163378 181 272
163378 306 615
163270 1 76
163270 79 96
163270 99 475
163270 479 527
163270 529 685
163270 695 928
177201 60 65
177201 68 73
177201 75 212
177201 215 334
177201 337 516
177201 519 603
177201 606 621
177201 623 799
165970 67 263
165970 266 329
165970 331 335
162803 60 139
172992 505 511
172992 516 713
172992 752 874
172992 880 946
163369 1 94
162808 1 51
177140 1 106
177140 108 492
177140 495 557
177141 1 57
177141 59 154
177141 157 288
177141 290 492
177141 494 628
172999 1 71
172999 77 294
166782 1 569
167807 60 159
167807 178 204
167807 210 482
167807 484 558
167807 560 872
167807 878 1441
167807 1444 1842
166781 41 111
166781 115 115
166781 117 233
166781 236 253
166781 255 382
166787 1 55
166787 60 127
166787 132 364
166784 1 114
166784 119 276
166784 281 365
171315 53 225
166374 46 64
166374 66 188
176850 1 29
176850 32 301
163476 1 94
163476 98 212
163475 30 295
172620 1 495
163479 1 175
163478 1 70
178160 51 456
178160 458 534
178162 1 4
178162 7 55
178162 58 146
178162 149 175
163402 37 250
163402 271 560
163402 581 582
163402 586 801
167151 1 42
167784 51 67
167786 1 1
167786 11 75
167786 81 176
166894 1 190
160578 6 53
160578 274 400
163385 52 240
163385 244 405
166890 1 441
163375 1 10
160577 254 306
166950 1 1
166950 8 31
166950 36 210
166950 216 877
166950 883 950
166950 956 1012
166950 1018 1321
166950 1327 1345
166950 1347 1438
170722 110 287
171102 1 19
171106 1 27
171106 32 288
172024 1 46
176796 1 24
176796 31 100
176797 1 26
176797 33 89
176797 95 131
176797 136 196
176797 203 237
176797 244 252
163630 76 164
163630 176 185
166438 32 85
166438 87 856
166438 858 866
172799 1 367
163334 1 35
163334 37 37
163334 156 556
163337 1 18
163337 27 201
163337 203 426
163337 434 461
163332 43 118
163332 224 264
163332 266 599
163332 601 639
163332 641 801
163333 1 106
163338 1 164
163339 1 172
160874 1 51
160874 97 113
160872 1 9
160872 25 35
160872 38 55
160873 1 147
160871 68 208
171812 59 296
171812 301 438
176868 1 495
176860 1 78
176860 81 271
176860 273 335
176860 338 450
171219 48 151
171219 153 162
161222 1 97
161223 1 375
176548 1 72
176548 75 387
176548 390 487
176548 489 494
176548 496 575
176548 577 1024
165620 14 19
172399 57 226
176545 5 5
176547 1 151
176547 154 172
176547 175 184
172865 36 151
172865 157 382
172868 1 29
172868 34 708
172868 714 909
172868 912 1829
172868 1835 1970
171926 1 49
171926 51 155
171926 161 172
171926 177 264
171921 51 141
172619 1 77
166346 48 210
166346 212 215
171446 58 144
171880 19 202
167746 56 384
167740 79 126
167740 132 168
167740 170 173
171369 42 130
171369 136 137
171369 144 161
172819 57 87
172819 92 254
177183 4 74
177183 76 199
177183 202 219
166911 58 76
166911 81 104
176167 1 5
173406 37 286
176165 1 29
176163 1 4
176163 7 63
176161 6 7
176161 13 14
176161 16 23
176169 1 140
167103 1 94
167102 1 42
167102 48 233
167102 235 317
167102 323 430
166049 53 86
166049 88 236
166049 242 674
166763 46 168
166763 174 650
165205 80 248
166502 43 78
166502 83 109
166966 1 238
166967 1 220
166960 1 137
166960 143 166
161016 2 300
160939 1 123
176765 84 141
165415 58 85
165415 88 640
165415 643 707
165415 712 777
165415 780 1356
165415 1360 1383
163069 73 452
163069 468 633
170854 1 336
170854 341 414
170854 420 470
170854 475 578
166462 78 102
166462 108 317
166462 323 526
172400 1 495
172400 500 690
172400 696 704
172401 1 2
172401 5 148
177788 1 46
177789 1 38
177789 41 82
177789 84 86
177782 72 75
177782 78 226
177783 1 94
177783 97 176
177783 178 234
177783 237 363
162765 1 40
162762 1 102
165467 39 708
160942 1 12
160943 1 54
160940 1 79
172822 1 75
172822 77 127
172822 133 353
172822 358 662
172822 667 832
172822 837 1096
172822 1102 1112
172822 1118 2121
172822 2127 2333
172824 1 54
165567 54 109
165567 114 309
165567 315 631
165364 45 111
165364 114 147
165364 160 807
165364 809 1220
165364 1260 1301
165208 1 101
177719 1 194
177719 197 694
177719 696 704
177718 53 62
177718 64 482
177718 485 656
177718 659 697
177718 699 701
177718 703 703
177718 706 1572
177718 1575 1635
163482 1 27
163482 48 48
163483 1 57
163480 1 92
163480 96 188
163480 190 191
163481 1 72
163481 74 77
163481 79 79
178151 47 122
175906 79 191
178100 1 40
178100 43 163
178100 166 511
178100 514 529
178100 532 1114
178100 1117 1613
162909 54 290
165514 72 244
165514 246 270
165514 283 560
165514 562 567
176286 55 224
176286 226 247
176286 250 252
176286 254 486
166861 1 6
166861 8 13
166860 1 21
166864 1 29
166864 31 77
166864 79 99
166864 102 119
166864 125 247
166864 249 307
166864 311 365
166864 367 374
166864 378 454
166864 478 537
170896 1 212
170899 1 84
165103 1 440
165102 1 185
177875 71 214
177875 217 367
177875 370 448
177875 451 589
166922 1 39
166922 41 105
166922 110 340
166922 345 418
166922 423 747
166922 752 769
166922 773 773
166923 1 382
166923 389 470
177878 1 138
177878 143 492
177878 495 837
177878 839 849
166889 1 73
166889 79 228
166888 56 90
166888 93 154
166888 156 394
166888 398 470
173243 1 89
173438 32 56
173439 1 274
173439 280 313
173439 319 467
173439 472 756
178479 132 245
178479 247 354
178479 356 576
178479 578 985
178479 988 1004
173430 72 163
166033 35 53
166033 59 330
166033 336 355
166033 360 444
166033 450 606
166033 613 707
166033 713 1233
166034 1 109
166034 115 228
166034 234 307
171050 47 74
171050 80 337
171050 342 369
171050 371 379
171050 384 423
171050 427 467
171050 471 648
171117 1 54
171117 56 78
171117 80 84
160998 2 252
166429 33 89
172252 32 54
172255 1 40
172254 1 35
163289 1 388
176304 69 69
176304 73 73
176304 77 77
176304 79 132
176304 135 422
176304 425 516
176309 1 84
176309 87 122
176309 125 354
176309 356 467
176309 470 512
176309 514 627
176309 630 1177
176309 1180 1641
176308 1 45
176308 48 130
176308 133 293
163286 112 401
163738 34 311
163261 1 3
163261 10 126
173663 1 71
173663 73 120
173661 1 56
173661 62 63
173661 65 125
167913 1 126
167913 128 432
161233 33 33
166699 55 234
166699 240 415
166699 421 477
166699 483 677
166699 681 912
173664 5 16
172952 1 195
172952 197 670
172952 675 797
172952 799 1164
172952 1169 1562
172951 1 52
165633 56 62
165633 64 64
165633 66 129
165633 133 317
165633 319 500
171282 1 12
171282 14 99
171282 104 134
171282 140 171
172389 34 144
172389 150 428
172389 434 460
165088 107 266
163358 39 63
167673 210 236
167673 239 305
167673 309 418
167673 423 447
167675 1 129
167675 133 299
167675 301 617
167675 690 707
167675 710 712
167675 715 716
167675 719 719
167675 721 725
167675 740 741
167675 748 758
167675 762 770
167675 774 787
167675 793 797
167675 811 1062
167674 1 345
167676 1 278
167676 289 450
165570 1 2
165570 5 83
165570 88 207
165570 209 351
165570 355 942
165570 944 946
177184 1 12
177184 15 41
165558 1 62
177053 54 72
177053 74 87
177053 90 208
177053 211 217
177053 219 258
177053 260 380
177053 385 427
177053 429 570
177053 573 709
177053 712 740
175874 1 33
175874 36 108
171274 88 137
171274 140 143
175877 1 69
175872 60 90
175873 1 32
161119 1 1
161119 7 58
161119 69 108
161119 115 141
161119 145 173
161119 179 210
167078 40 174
171156 42 106
171156 111 686
171156 688 692
173241 1 85
173241 92 381
173241 388 759
177222 50 342
173240 1 124
178116 1 120
178116 122 615
178110 51 133
178110 135 197
178110 199 246
178110 252 396
178110 401 468
166859 62 418
166859 421 421
166859 423 423
167098 62 90
167098 92 162
167098 167 406
167098 448 461
170901 1 153
170901 159 200
161116 2 11
161117 2 24
161113 2 24
163071 1 161
176023 44 129
163078 1 23
167551 56 190
167551 196 471