178160 51 456
178160 458 534
178162 1 4
178162 7 55
178162 58 146
178162 149 175
177791 1 27
177791 30 109
177791 137 198
177790 1 189
177790 191 715
176982 1 10
177222 50 342
177719 1 194
177719 197 694
177719 696 704
177718 53 62
177718 64 482
177718 485 656
177718 659 697
177718 699 701
177718 703 703
177718 706 1572
177718 1575 1635
177730 49 88
177730 91 234
177730 237 448
177730 451 701
177730 704 773
177730 776 931
177730 933 1470
177730 1473 1763
177730 1766 1956
177730 1959 2266
177730 2268 2303
176801 1 92
176801 95 173
176801 176 177
176801 179 249
175906 79 191
176805 1 97
176807 1 74
176807 76 255
176807 257 461
178367 22 135
178367 138 161
178367 163 264
178367 266 316
178367 318 366
178367 369 392
178367 395 548
178367 560 711
178367 713 737
178365 43 96
178365 98 238
178365 241 380
178365 382 558
178365 560 660
178365 663 1050
178365 1053 1059
177201 60 65
177201 68 73
177201 75 212
177201 215 334
177201 337 516
177201 519 603
177201 606 621
177201 623 799
178479 132 245
178479 247 354
178479 356 576
178479 578 985
178479 988 1004
177317 1 60
176933 1 71
176933 73 358
176933 361 415
176933 418 438
177319 1 54
177319 56 224
177319 227 286
177319 289 351
177319 354 368
177318 1 81
177095 49 111
177095 113 204
177096 1 14
177096 17 190
175910 1 12
176795 38 105
176796 1 24
176796 31 100
176797 1 26
176797 33 89
176797 95 131
176797 136 196
176797 203 237
176797 244 252
176799 1 27
176799 30 35
176799 38 238
177074 52 120
177074 123 468
177074 470 554
177074 556 735
177074 737 769
176959 17 39
177875 71 214
177875 217 367
177875 370 448
177875 451 589
177878 1 138
177878 143 492
177878 495 837
177878 839 849
178099 1 192
178098 16 120
178098 122 142
178098 144 152
178098 155 179
178098 181 249
178098 251 549
178098 551 576
178098 579 619
178098 622 677
178098 679 707
177088 57 83
177088 85 95
176889 1 81
176889 83 102
176929 1 59
176929 62 198
176929 201 218
176929 221 320
176928 1 99
176928 102 121
176885 67 152
176885 164 235
176886 1 335
176886 337 416
176886 418 425
176886 427 429
176886 431 499
176886 502 503
176886 505 505
176886 507 507
176886 509 514
176886 516 678
177776 73 108
176868 1 495
178420 53 61
178420 63 70
178421 1 3
178421 47 77
178421 79 135
178421 137 149
178421 151 265
178421 268 293
178421 295 320
178421 323 512
178421 514 586
178421 588 742
178421 744 756
178421 759 915
178421 917 1207
176860 1 78
176860 81 271
176860 273 335
176860 338 450
178424 1 536
178424 538 594
178424 597 837
175874 1 33
175874 36 108
175877 1 69
176304 69 69
176304 73 73
176304 77 77
176304 79 132
176304 135 422
176304 425 516
176309 1 84
176309 87 122
176309 125 354
176309 356 467
176309 470 512
176309 514 627
176309 630 1177
176309 1180 1641
176308 1 45
176308 48 130
176308 133 293
176548 1 72
176548 75 387
176548 390 487
176548 489 494
176548 496 575
176548 577 1024
175990 56 164
176545 5 5
176547 1 151
176547 154 172
176547 175 184
175975 1 90
175975 93 101
175975 104 390
175974 1 124
175976 1 33
175976 36 51
175976 54 102
175973 126 183
175973 186 268
178151 47 122
176702 1 4
176702 6 42
176702 45 103
176702 105 284
176702 287 291
176702 294 351
176702 353 599
176702 622 684
176702 686 723
176702 726 794
176702 796 799
176702 801 839
176701 1 145
176468 1 124
176468 126 210
176469 1 5
176467 1 85
176467 88 164
177184 1 12
177184 15 41
177183 4 74
177183 76 199
177183 202 219
176167 1 5
176165 1 29
176286 55 224
176286 226 247
176286 250 252
176286 254 486
176161 6 7
176161 13 14
176161 16 23
176289 1 43
176289 46 75
176169 1 140
176771 57 60
176771 62 156
178380 1 81
178380 84 195
177053 54 72
177053 74 87
177053 90 208
177053 211 217
177053 219 258
177053 260 380
177053 385 427
177053 429 570
177053 573 709
177053 712 740
176202 1 179
176202 182 264
177452 1 156
177452 158 169
176201 52 52
176201 54 55
176201 58 58
176201 61 63
176201 67 263
176201 265 570
176201 573 656
176206 1 101
176207 1 230
175872 60 90
175873 1 32
176697 50 66
176697 68 344
177139 1 206
177139 208 249
177139 252 335
177139 337 375
177139 378 627
177138 55 57
177138 59 114
177131 49 139
176765 84 141
177449 56 80
177449 83 234
177449 236 392
177449 394 434
176844 1 110
178116 1 120
178116 122 615
178100 1 40
178100 43 163
178100 166 511
178100 514 529
178100 532 1114
178100 1117 1613
178110 51 133
178110 135 197
178110 199 246
178110 252 396
178110 401 468
176841 105 157
176841 159 182
176841 184 235
176841 238 241
175863 1 75
175860 1 82
176848 1 25
175866 1 353
175866 356 511
175865 1 58
177140 1 106
177140 108 492
177140 495 557
177141 1 57
177141 59 154
177141 157 288
177141 290 492
177141 494 628
175887 1 18
175887 21 138
175886 1 280
175881 1 160
175921 64 428
175888 1 424
177788 1 46
177789 1 38
177789 41 82
177789 84 86
177782 72 75
177782 78 226
177783 1 94
177783 97 176
177783 178 234
177783 237 363
176023 44 129
178102 1 13
178101 1 61
178101 64 75
176850 1 29
176850 32 301
176163 1 4
176163 7 63